G1_SE001 0.0 1.333 2.667 0.692 0.000 0.000 1.517 0.789 0.733 4.273
G2_SE001 1.333 0.0 2.524 2.412 0.800 0.000 0.000 0.789 0.778 0.714
G3_SE001 2.667 2.524 0.0 0.852 0.905 0.917 0.920 0.833 0.704 0.655
G4_SE001 0.692 2.412 0.852 0.0 0.000 0.000 1.680 0.833 0.600 0.727
G5_SE001 0.000 0.800 0.905 0.000 0.0 0.000 0.833 0.714 0.909 0.538
G6_SE001 0.000 0.000 0.917 0.000 0.000 0.0 0.000 0.000 0.733 0.810
G7_SE001 1.517 0.000 0.920 1.680 0.833 0.000 0.0 0.778 0.700 0.895
G8_SE001 0.789 0.789 0.833 0.833 0.714 0.000 0.778 0.0 0.875 1.750
G9_SE001 0.733 0.778 0.704 0.600 0.909 0.733 0.700 0.875 0.0 2.294
G10_SE001 4.273 0.714 0.655 0.727 0.538 0.810 0.895 1.750 2.294 0.0
